	Genome_Size	APG12	Atg8	Cobl	DUF2407	Multi_ubiq	Prok_Ub	Rad60-SLD	Rad60-SL2_	ThiS-like	UAE_UbL	Ub-Mut7C	Ub-RnfH	Ubiquitin_2	Ubiquitin_3	Ufm1	Urm1	ubiquitin	Sum
Aco	301982859	1	5	0	1	0	0	9	4	0	2	1	0	4	0	1	1	81	110
Aha	127615339	2	13	1	3	0	0	9	7	0	2	1	1	1	1	3	4	69	117
Aly	206667939	3	13	1	4	0	0	10	6	0	1	1	0	3	1	3	5	84	135
Ath	119667750	2	9	0	2	1	0	11	6	0	2	0	0	3	1	2	4	77	120
Atr	706332648	1	3	0	1	0	0	4	3	0	1	3	0	1	2	3	1	48	71
Bdi	271997306	2	4	0	1	0	0	11	3	0	1	0	0	5	2	1	1	76	107
Bra	315053614	4	18	0	2	0	0	16	13	0	3	0	0	5	2	4	2	103	172
Bst	189344188	3	10	0	4	0	0	8	5	0	2	1	0	4	1	2	3	70	113
Ccl	301386998	1	7	1	2	0	0	6	5	0	1	1	0	2	2	1	1	68	98
Cgr	105346052	2	10	0	3	0	0	9	6	0	1	1	0	3	1	2	3	73	114
Cpa	342680090	0	5	0	0	0	0	4	4	0	1	1	0	3	1	2	1	44	66
Cre	111100715	1	1	0	0	0	0	9	1	0	1	0	0	3	0	1	2	36	55
Cru	134834574	2	10	0	3	0	1	11	7	0	2	1	0	2	1	2	2	78	122
Csa	203058019	1	7	0	1	0	0	6	6	0	1	0	1	2	1	1	1	51	79
Csi	319231331	1	7	0	3	0	0	7	5	0	1	2	0	1	2	2	1	64	96
Csu	49193098	1	1	0	0	0	0	5	2	0	1	3	1	2	0	1	1	26	44
Egr	691346258	1	10	0	0	0	0	19	7	0	1	4	0	3	1	1	1	101	149
Esa	243117811	5	10	0	2	0	1	9	7	0	3	2	0	3	1	2	2	72	119
Fve	206888726	2	10	0	0	0	1	9	6	0	1	1	0	1	1	2	1	80	115
Gau	43357795	1	4	1	0	0	2	1	1	0	1	1	0	4	2	1	1	38	58
Gma	978495272	2	14	0	0	0	0	9	10	0	3	1	2	4	3	4	2	119	173
Gra	761406121	1	11	0	4	0	0	16	13	0	2	0	0	7	2	2	2	84	144
Mac	472960417	1	10	0	1	0	0	11	12	0	2	0	0	2	1	4	2	78	124
Mdo	881278625	1	60	0	2	0	0	17	30	0	2	1	4	9	1	4	1	174	306
Mes	582281492	1	10	0	1	0	0	9	10	0	2	1	0	2	1	2	1	99	139
Mgu	312749872	2	8	0	0	0	1	9	6	0	1	0	0	4	1	3	2	67	104
Mpu	20989326	1	1	0	0	0	0	2	1	0	2	1	0	2	0	0	0	23	33
Mtr	411831487	2	10	0	1	0	0	13	8	0	2	3	0	6	2	3	2	112	164
Olu	13204888	1	1	0	0	0	0	2	2	0	1	0	0	1	0	0	0	17	25
Osa	374471241	1	5	0	0	0	2	9	5	0	1	0	0	6	2	1	1	74	107
Pha	552547148	2	4	0	0	0	0	13	4	0	1	0	0	4	2	1	1	85	117
Ppa	473226588	2	6	1	0	0	0	5	3	0	2	1	0	2	0	2	1	73	98
Ppe	227411381	1	13	0	0	0	0	9	5	0	1	1	1	5	1	2	1	80	120
Ptr	434134862	2	12	0	1	0	0	5	7	0	3	0	0	6	3	2	3	114	158
Pvi	1697286449	4	17	0	0	0	0	30	13	0	2	0	0	10	2	2	5	223	308
Pvu	521076998	1	6	0	1	0	4	7	6	0	1	0	0	3	2	1	1	59	92
Rco	350631014	3	7	0	0	1	0	5	4	0	1	2	0	2	1	1	1	63	91
Sbi	726616606	1	4	0	0	0	0	10	4	0	2	1	0	4	2	1	1	79	109
Sit	405737341	2	4	0	0	0	0	6	5	0	1	1	0	4	2	1	1	86	113
Sly	781666411	1	7	0	1	0	0	8	6	1	1	2	0	4	0	3	1	79	114
Smo	212761167	2	6	0	1	0	0	7	2	0	2	4	0	1	0	2	2	58	87
Spo	145199413	1	4	0	0	0	0	4	4	0	1	0	0	2	1	1	1	43	62
Spu	475450847	3	14	0	0	0	0	6	8	0	3	0	0	7	2	2	2	118	165
Stu	705875680	1	7	0	0	0	0	13	6	0	1	0	0	3	0	3	1	75	110
Tae	634419438	4	16	0	3	0	1	22	11	1	4	4	0	11	6	5	5	264	357
Tca	346164918	1	6	0	0	0	0	15	5	0	1	1	0	3	3	1	1	54	91
Ugi	81875486	1	5	1	0	0	0	5	8	0	2	1	0	4	0	1	1	51	80
Vca	131163211	0	1	0	1	0	0	5	2	0	2	0	0	2	0	2	0	24	39
Vvi	486198630	2	6	1	0	0	0	8	5	0	1	1	0	1	2	1	1	56	85
Zma	2067864162	1	8	0	1	0	0	5	7	0	2	0	0	5	1	3	2	94	129
